100.0 0.1 14556922
100.0 0.2 14546013
100.0 0.3 14366648
100.0 0.4 13883560
100.0 0.5 13631001
100.0 0.6 13171648
100.0 0.7 12841723
102.5 0.1 14853984
102.5 0.2 14519583
102.5 0.3 14486111
102.5 0.4 14153811
102.5 0.5 13823651
102.5 0.6 13589627
102.5 0.7 13206769
105.0 0.1 14761622
105.0 0.2 14803179
105.0 0.3 14556382
105.0 0.4 14342384
105.0 0.5 14025233
105.0 0.6 13752332
105.0 0.7 13399817
107.5 0.1 14944913
107.5 0.2 14691007
107.5 0.3 14730533
107.5 0.4 14508230
107.5 0.5 14159682
107.5 0.6 14048879
107.5 0.7 13572649
10.0 0.1 1429884
10.0 0.2 1478203
10.0 0.3 1382381
10.0 0.4 1289320
10.0 0.5 1200869
10.0 0.6 1119759
10.0 0.7 1038510
110.0 0.1 14784445
110.0 0.2 15006575
110.0 0.3 14910536
110.0 0.4 14401607
110.0 0.5 14380299
110.0 0.6 14029485
110.0 0.7 13689642
112.5 0.1 14718104
112.5 0.2 14912207
112.5 0.3 14911051
112.5 0.4 14662406
112.5 0.5 14514779
112.5 0.6 14173483
112.5 0.7 13834502
115.0 0.1 14879772
115.0 0.2 14643690
115.0 0.3 14675385
115.0 0.4 14725101
115.0 0.5 14464093
115.0 0.6 14379138
115.0 0.7 14054708
117.5 0.1 14802559
117.5 0.2 14804319
117.5 0.3 14650708
117.5 0.4 14753210
117.5 0.5 14615658
117.5 0.6 14407813
117.5 0.7 14125900
12.5 0.1 2080137
12.5 0.2 1897503
12.5 0.3 1773917
12.5 0.4 1655653
12.5 0.5 1541767
12.5 0.6 1433071
12.5 0.7 1331315
120.0 0.1 14482490
120.0 0.2 14524370
120.0 0.3 14773118
120.0 0.4 14677205
120.0 0.5 14639495
120.0 0.6 14561153
120.0 0.7 14343973
122.5 0.1 14626250
122.5 0.2 14507415
122.5 0.3 14726556
122.5 0.4 14585325
122.5 0.5 14675468
122.5 0.6 14453615
122.5 0.7 14381132
125.0 0.1 14363993
125.0 0.2 14463151
125.0 0.3 14777951
125.0 0.4 14848394
125.0 0.5 14768096
125.0 0.6 14320469
125.0 0.7 14259391
127.5 0.1 14349205
127.5 0.2 14632598
127.5 0.3 14467763
127.5 0.4 14673632
127.5 0.5 14660058
127.5 0.6 14459951
127.5 0.7 14306533
130.0 0.1 14090891
130.0 0.2 14326852
130.0 0.3 14419009
130.0 0.4 14369303
130.0 0.5 14478653
130.0 0.6 14497398
130.0 0.7 14505835
15.0 0.1 2371432
15.0 0.2 2213231
15.0 0.3 2071244
15.0 0.4 1934648
15.0 0.5 1799883
15.0 0.6 1672213
15.0 0.7 1556678
17.5 0.1 2800520
17.5 0.2 2604583
17.5 0.3 2436898
17.5 0.4 2272953
17.5 0.5 2114638
17.5 0.6 1967268
17.5 0.7 1827657
20.0 0.1 3332752
20.0 0.2 3032940
20.0 0.3 2830179
20.0 0.4 2641675
20.0 0.5 2456531
20.0 0.6 2281680
20.0 0.7 2122345
22.5 0.2 3489081
22.5 0.3 3238283
22.5 0.4 3020318
22.5 0.5 2808329
22.5 0.6 2611035
22.5 0.7 2426744
25.0 0.1 4698514
25.0 0.2 4021162
25.0 0.3 3682600
25.0 0.4 3409643
25.0 0.5 3169626
25.0 0.6 2948255
25.0 0.7 2740370
27.5 0.1 5553198
27.5 0.2 4648539
27.5 0.3 4177626
27.5 0.4 3835791
27.5 0.5 3554499
27.5 0.6 3306557
30.0 0.1 6431398
30.0 0.2 5371190
30.0 0.3 4751279
30.0 0.4 4321419
30.0 0.5 3991797
30.0 0.6 3685938
32.5 0.1 7394890
32.5 0.2 6150509
32.5 0.3 5403277
32.5 0.4 4871535
32.5 0.5 4452034
32.5 0.6 4114460
32.5 0.7 3803247
35.0 0.1 8377769
35.0 0.2 7040962
35.0 0.3 6145689
35.0 0.4 5494573
35.0 0.5 5006242
35.0 0.6 4590543
35.0 0.7 4252083
37.5 0.1 8512549
37.5 0.2 7083791
37.5 0.3 6193825
37.5 0.4 5611973
37.5 0.5 5134564
37.5 0.6 4751771
37.5 0.7 4393796
40.0 0.1 9480109
40.0 0.2 7981362
40.0 0.3 6963715
40.0 0.4 6227075
40.0 0.5 5680019
40.0 0.6 5207118
40.0 0.7 4794849
42.5 0.1 10442309
42.5 0.2 8851128
42.5 0.3 7731308
42.5 0.4 6921988
42.5 0.5 6301371
42.5 0.6 5739015
42.5 0.7 5291554
45.0 0.1 11446711
45.0 0.2 9762513
45.0 0.3 8606719
45.0 0.4 7631225
45.0 0.5 6931522
45.0 0.6 6327034
45.0 0.7 5786525
47.5 0.1 12253189
47.5 0.2 10688872
47.5 0.3 9396432
47.5 0.4 8453747
47.5 0.5 7658493
47.5 0.6 6979927
47.5 0.7 6372325
50.0 0.1 13032384
50.0 0.2 11490224
50.0 0.3 10255505
50.0 0.4 9255897
50.0 0.5 8402547
50.0 0.6 7599474
50.0 0.7 7005188
52.5 0.1 13765590
52.5 0.2 12295184
52.5 0.3 11089903
52.5 0.4 10053423
52.5 0.5 9113438
52.5 0.6 8357047
52.5 0.7 7682349
55.0 0.1 14368182
55.0 0.2 12954097
55.0 0.3 11811050
55.0 0.4 10792907
55.0 0.5 9826909
55.0 0.6 9074896
55.0 0.7 8385173
57.5 0.1 14790100
57.5 0.2 13546088
57.5 0.3 12462891
57.5 0.4 11440495
57.5 0.5 10564973
57.5 0.6 9741358
57.5 0.7 8959635
60.0 0.1 15186737
60.0 0.2 14053086
60.0 0.3 12977022
60.0 0.4 12019122
60.0 0.5 11259764
60.0 0.6 10386207
60.0 0.7 9707811
62.5 0.1 15445480
62.5 0.2 14472061
62.5 0.3 13412958
62.5 0.4 12602482
62.5 0.5 11778423
62.5 0.6 11049839
62.5 0.7 10242615
65.0 0.1 15679353
65.0 0.2 14728515
65.0 0.3 13824432
65.0 0.4 13027476
65.0 0.5 12276650
65.0 0.7 10813044
67.5 0.1 15659349
67.5 0.2 14994475
67.5 0.3 14209492
67.5 0.4 13387820
67.5 0.5 12769821
67.5 0.7 11339888
70.0 0.1 15572702
70.0 0.2 14898654
70.0 0.3 14345909
70.0 0.4 13608220
70.0 0.5 13005541
70.0 0.6 12373162
70.0 0.7 11739338
72.5 0.1 15584549
72.5 0.2 14924965
72.5 0.3 14343404
72.5 0.4 13901419
72.5 0.5 13252251
72.5 0.6 12670659
72.5 0.7 12145456
75.0 0.1 15410463
75.0 0.2 14959758
75.0 0.3 14306618
75.0 0.4 13933262
75.0 0.5 13510721
75.0 0.6 12841996
75.0 0.7 12438508
77.5 0.1 15180367
77.5 0.2 14971839
77.5 0.3 14501529
77.5 0.4 14130050
77.5 0.5 13569029
77.5 0.6 13137940
77.5 0.7 12606416
80.0 0.1 14841299
80.0 0.2 14577988
80.0 0.3 14285388
80.0 0.4 14038025
80.0 0.5 13735991
80.0 0.6 13196485
80.0 0.7 12776163
82.5 0.1 14786277
82.5 0.2 14673410
82.5 0.3 14407411
82.5 0.4 14010012
82.5 0.5 13773569
82.5 0.6 13314626
82.5 0.7 12954250
85.0 0.1 14409074
85.0 0.2 14380310
85.0 0.3 14150187
85.0 0.4 13773465
85.0 0.5 13684416
85.0 0.6 13272014
85.0 0.7 13053605
87.5 0.1 14121838
87.5 0.2 14182259
87.5 0.3 13999775
87.5 0.4 13610092
87.5 0.5 13581982
87.5 0.6 13420090
87.5 0.7 12818037
90.0 0.1 14112203
90.0 0.2 13622836
90.0 0.3 13120946
90.0 0.4 12816812
90.0 0.5 12286705
90.0 0.6 11805556
90.0 0.7 11426248
92.5 0.1 14353293
92.5 0.2 13934457
92.5 0.3 13516689
92.5 0.4 13095639
92.5 0.5 12742294
92.5 0.6 12373823
92.5 0.7 11790236
95.0 0.1 14248456
95.0 0.2 14203261
95.0 0.3 13807676
95.0 0.4 13590521
95.0 0.5 13112666
95.0 0.6 12556531
95.0 0.7 12168728
97.5 0.1 14555681
97.5 0.2 14332304
97.5 0.3 14074150
97.5 0.4 13812066
97.5 0.5 13378992
97.5 0.6 12953310
97.5 0.7 12657636
100.0 1.0 11385155
102.5 1.0 11822399
105.0 1.0 12145337
107.5 1.0 12354102
10.0 1.0 829583
110.0 1.0 12543319
112.5 1.0 12887749
115.0 1.0 13117294
117.5 1.0 13313637
12.5 1.0 1061779
120.0 1.0 13306337
122.5 1.0 13513909
125.0 1.0 13595214
127.5 1.0 13913632
130.0 1.0 13974915
15.0 1.0 1237243
17.5 1.0 1455981
20.0 1.0 1690987
22.5 1.0 1932105
25.0 1.0 2181587
27.5 1.0 2445712
30.0 1.0 2724419
32.5 1.0 3018162
35.0 1.0 3351335
37.5 1.0 3479079
40.0 1.0 3811019
42.5 1.0 4152063
45.0 1.0 4540122
47.5 1.0 4985569
50.0 1.0 5477200
52.5 1.0 5964096
55.0 1.0 6567364
57.5 1.0 7124572
60.0 1.0 7724729
62.5 1.0 8362070
65.0 1.0 8858011
67.5 1.0 9487636
70.0 1.0 9939980
72.5 1.0 10325450
75.0 1.0 10848811
77.5 1.0 11140534
80.0 1.0 11490340
82.5 1.0 11536204
85.0 1.0 11678932
87.5 1.0 11942411
90.0 1.0 9845197
92.5 1.0 10271669
95.0 1.0 10644092
97.5 1.0 11049650
10.0 0.9 896630
100.0 0.9 11856236
102.5 0.9 12200608
105.0 0.9 12589066
107.5 0.9 12748907
110.0 0.9 12924880
112.5 0.9 13286354
115.0 0.9 13502732
117.5 0.9 13631440
12.5 0.9 1147344
120.0 0.9 13852461
122.5 0.9 13877078
127.5 0.9 14083977
130.0 0.9 14116151
15.0 0.9 1336682
17.5 0.9 1569304
20.0 0.9 1823252
22.5 0.9 2085952
25.0 0.9 2357216
27.5 0.9 2641909
30.0 0.9 2938264
32.5 0.9 3268572
35.0 0.9 3614785
37.5 0.9 3755853
40.0 0.9 4099170
42.5 0.9 4500723
45.0 0.9 4930966
47.5 0.9 5394506
50.0 0.9 5912249
52.5 0.9 6493667
55.0 0.9 7122724
57.5 0.9 7710969
60.0 0.9 8333175
62.5 0.9 8935297
65.0 0.9 9533572
67.5 0.9 10068727
70.0 0.9 10464473
72.5 0.9 10879790
75.0 0.9 11303075
77.5 0.9 11550933
80.0 0.9 11860987
82.5 0.9 12109761
85.0 0.9 12236598
87.5 0.9 12197686
92.5 0.9 10798235
95.0 0.9 11076083
97.5 0.9 11493564
10.0 0.8 963677
12.5 0.8 1233735
15.0 0.8 1443423
17.5 0.8 1692134
20.0 0.8 1968178
22.5 0.8 2250183
25.0 0.8 2539026
27.5 0.8 2848004
30.0 0.8 3169887
32.5 0.8 3524198
35.0 0.8 3915933
37.5 0.8 4057939
40.0 0.8 4432050
42.5 0.8 4870574
45.0 0.8 5343845
47.5 0.8 5853823
50.0 0.8 6417121
52.5 0.8 7067846
55.0 0.8 7730950
57.5 0.8 8325257
60.0 0.8 8964007
62.5 0.8 9567525
65.0 0.8 10174307
67.5 0.8 10613685
70.0 0.8 11162961
72.5 0.8 11548626
75.0 0.8 11846531
77.5 0.8 12219344
80.0 0.8 12188647
82.5 0.8 12531996
85.0 0.8 12521229
87.5 0.8 12594970
90.0 0.8 10957528
92.5 0.8 11226621
95.0 0.8 11588729
97.5 0.8 11980868
102.5 0.8 12627091
105.0 0.8 12932384
107.5 0.8 13289924
110.0 0.8 13341797
112.5 0.8 13462092
120.0 0.8 13917249
122.5 0.8 14172584
125.0 0.8 14144092
127.5 0.8 14210180
130.0 0.8 14376661