100.0 0.0 16110219
100.0 0.1 16050618
100.0 0.2 15879913
100.0 0.3 15398036
100.0 0.4 15169038
100.0 0.5 14876111
100.0 0.6 14256886
100.0 0.7 13868951
100.0 0.8 13318213
100.0 0.9 12861299
100.0 1.0 8154540
102.5 0.1 15817527
102.5 0.2 15868942
102.5 0.3 15669343
102.5 0.4 15392555
102.5 0.5 14901269
105.0 0.1 16108888
105.0 0.2 15947784
105.0 0.3 15729584
105.0 0.4 15529742
105.0 0.5 15093662
105.0 0.6 14715707
105.0 0.7 14348561
105.0 0.8 13970149
105.0 0.9 13343506
105.0 1.0 12989761
107.5 0.1 16003884
107.5 0.2 15987429
107.5 0.3 15780802
107.5 0.4 15468428
107.5 0.5 15332508
10.0 0.0 1148150
10.0 0.1 1436352
10.0 0.2 1476306
10.0 0.3 1382565
10.0 0.4 1289023
10.0 0.5 1200131
10.0 0.6 1116646
10.0 0.7 1035578
10.0 0.8 963142
10.0 0.9 893684
10.0 1.0 630444
110.0 0.0 15811287
110.0 0.1 15837040
110.0 0.2 16000878
110.0 0.3 15732201
110.0 0.4 15741618
110.0 0.5 15396789
110.0 0.6 15127677
110.0 0.7 14820600
110.0 0.8 14466368
110.0 0.9 14000556
110.0 1.0 8671343
112.5 0.1 15873273
112.5 0.2 15853518
112.5 0.3 15969257
112.5 0.4 15647766
112.5 0.5 15464723
115.0 0.1 15692263
115.0 0.2 15904383
115.0 0.3 15815503
115.0 0.4 15672597
115.0 0.5 15515764
115.0 0.6 15364345
115.0 0.7 15012030
115.0 0.8 14623736
115.0 0.9 14282754
115.0 1.0 13759033
117.5 0.1 15657160
117.5 0.2 15818502
117.5 0.3 15645586
117.5 0.4 15487841
117.5 0.5 15518737
12.5 0.1 1829482
12.5 0.2 1897346
12.5 0.3 1774312
12.5 0.4 1655013
12.5 0.5 1541863
12.5 0.6 1432185
120.0 0.0 15208101
120.0 0.1 15357186
120.0 0.2 15515637
120.0 0.3 15715317
120.0 0.4 15619210
120.0 0.5 15609366
120.0 0.6 15402299
120.0 0.7 15140488
120.0 0.8 14861197
120.0 0.9 14609667
120.0 1.0 9093766
122.5 0.1 15529956
122.5 0.2 15601752
122.5 0.3 15650360
122.5 0.4 15528096
122.5 0.5 15439952
125.0 0.1 15139952
125.0 0.2 15549570
125.0 0.3 15570979
125.0 0.4 15612070
125.0 0.5 15605489
125.0 0.6 15570420
125.0 0.7 15270829
125.0 0.8 15030795
125.0 0.9 14836324
125.0 1.0 14524551
127.5 0.1 15172920
127.5 0.2 15371146
127.5 0.3 15543154
127.5 0.4 15368900
127.5 0.5 15633261
130.0 0.0 14568264
130.0 0.1 14994326
130.0 0.2 15303393
130.0 0.3 15239771
130.0 0.4 15351770
130.0 0.5 15437192
130.0 0.6 15291823
130.0 0.7 15268270
130.0 0.8 15050231
130.0 0.9 14742151
130.0 1.0 9228527
15.0 0.1 2151857
15.0 0.2 2215061
15.0 0.3 2075419
15.0 0.4 1932541
15.0 0.5 1802110
15.0 0.6 1671625
15.0 0.7 1554449
15.0 0.8 1442667
15.0 0.9 1335951
15.0 1.0 1237318
17.5 0.1 2786373
17.5 0.2 2601606
17.5 0.3 2436397
17.5 0.4 2272966
17.5 0.5 2113216
17.5 0.6 1970330
20.0 0.0 4094255
20.0 0.1 3272940
20.0 0.2 3027679
20.0 0.3 2828513
20.0 0.4 2640036
20.0 0.5 2459065
20.0 0.6 2283526
20.0 0.7 2119071
20.0 0.8 1965297
20.0 0.9 1822224
20.0 1.0 1279376
22.5 0.1 3821941
22.5 0.2 3470839
22.5 0.3 3235116
22.5 0.4 3016963
22.5 0.5 2807562
22.5 0.6 2614269
25.0 0.1 4438665
25.0 0.2 3958437
25.0 0.3 3662196
25.0 0.4 3407007
25.0 0.5 3173679
25.0 0.6 2950282
25.0 0.7 2735090
25.0 0.8 2541483
25.0 0.9 2353402
25.0 1.0 2179640
27.5 0.1 5128122
27.5 0.2 4512599
27.5 0.3 4122365
27.5 0.4 3822559
27.5 0.5 3558048
27.5 0.6 3305153
30.0 0.0 7323369
30.0 0.1 5918534
30.0 0.2 5134364
30.0 0.3 4668790
30.0 0.4 4280492
30.0 0.5 3961904
30.0 0.6 3684735
30.0 0.7 3417357
30.0 0.8 3172051
30.0 0.9 2939885
30.0 1.0 2062830
32.5 0.1 6755474
32.5 0.2 5873630
32.5 0.3 5266474
32.5 0.4 4797519
32.5 0.5 4426402
32.5 0.6 4100491
35.0 0.1 7627055
35.0 0.2 6653294
35.0 0.3 5945117
35.0 0.4 5388474
35.0 0.5 4951857
35.0 0.6 4559228
35.0 0.7 4220299
35.0 0.8 3897918
35.0 0.9 3609374
35.0 1.0 3347808
37.5 0.1 7775741
37.5 0.2 6745992
37.5 0.3 6058606
37.5 0.4 5530421
37.5 0.5 5104157
37.5 0.6 4714729
40.0 0.0 10290297
40.0 0.1 8595374
40.0 0.2 7489032
40.0 0.3 6713837
40.0 0.4 6115396
40.0 0.5 5611500
40.0 0.6 5162642
40.0 0.7 4792399
40.0 0.8 4427577
40.0 0.9 4110632
40.0 1.0 2879807
42.5 0.1 9504420
42.5 0.2 8352734
42.5 0.3 7441687
42.5 0.4 6753887
42.5 0.5 6161209
42.5 0.6 5688397
45.0 0.1 10335436
45.0 0.2 9126696
45.0 0.3 8206328
45.0 0.4 7416207
45.0 0.5 6794119
45.0 0.6 6235931
45.0 0.7 5756263
45.0 0.8 5311250
45.0 0.9 4907617
45.0 1.0 4520810
47.5 0.1 11201792
47.5 0.2 10001576
47.5 0.3 8976739
47.5 0.4 8184309
47.5 0.5 7486572
47.5 0.6 6849494
50.0 0.0 13402758
50.0 0.1 11975187
50.0 0.2 10782170
50.0 0.3 9764938
50.0 0.4 8892019
50.0 0.5 8176923
50.0 0.6 7495642
50.0 0.7 6914388
50.0 0.8 6372400
50.0 0.9 5889581
50.0 1.0 4108522
52.5 0.1 12631095
52.5 0.2 11565794
52.5 0.3 10475618
52.5 0.4 9645366
52.5 0.5 8837508
52.5 0.6 8135792
55.0 0.1 13234972
55.0 0.2 12134873
55.0 0.3 11247006
55.0 0.4 10382602
55.0 0.5 9585250
55.0 0.6 8885194
55.0 0.7 8176343
55.0 0.8 7619129
55.0 0.9 7024416
55.0 1.0 6516772
57.5 0.1 13692483
57.5 0.2 12756655
57.5 0.3 11884097
57.5 0.4 11051134
57.5 0.5 10300562
57.5 0.6 9535963
60.0 0.0 15070295
60.0 0.1 14132723
60.0 0.2 13260693
60.0 0.3 12412026
60.0 0.4 11561273
60.0 0.5 10793014
60.0 0.6 10143828
60.0 0.7 9422665
60.0 0.8 8842457
60.0 0.9 8240606
60.0 1.0 5588297
62.5 0.1 14378393
62.5 0.2 13623333
62.5 0.3 12836221
62.5 0.4 12165337
62.5 0.5 11373857
62.5 0.6 10707472
65.0 0.1 14609036
65.0 0.2 13935753
65.0 0.3 13290901
65.0 0.4 12556148
65.0 0.5 11960475
65.0 0.6 11219340
65.0 0.7 10650246
65.0 0.8 9932682
65.0 0.9 9404078
65.0 1.0 8806082
67.5 0.1 14689457
67.5 0.2 14052168
67.5 0.3 13558178
67.5 0.4 12928454
67.5 0.5 12337480
67.5 0.6 11690094
70.0 0.0 15113128
70.0 0.1 14659406
70.0 0.2 14180216
70.0 0.3 13571587
70.0 0.4 13163288
70.0 0.5 12661670
70.0 0.6 12069494
70.0 0.7 11540557
70.0 0.8 10915337
70.0 0.9 10393322
70.0 1.0 6871673
72.5 0.1 14725791
72.5 0.2 14183433
72.5 0.3 13863759
72.5 0.4 13309096
72.5 0.5 12901635
72.5 0.6 12439512
75.0 0.1 14505426
75.0 0.2 14200690
75.0 0.3 13793587
75.0 0.4 13551031
75.0 0.5 12994723
75.0 0.6 12662429
75.0 0.7 12088025
75.0 0.8 11575813
75.0 0.9 11148730
75.0 1.0 10593329
77.5 0.1 14455232
77.5 0.2 14227606
77.5 0.3 13774574
77.5 0.4 13554355
77.5 0.5 13243009
80.0 0.0 14271577
80.0 0.1 14199215
80.0 0.2 14166919
80.0 0.3 13871981
80.0 0.4 13545640
80.0 0.5 13248256
80.0 0.6 12901138
80.0 0.7 12421172
80.0 0.8 12037473
80.0 0.9 11755898
80.0 1.0 7649655
82.5 0.1 13927381
82.5 0.2 13920914
82.5 0.3 13758566
82.5 0.4 13413873
82.5 0.5 13239875
85.0 0.1 13751512
85.0 0.2 13674219
85.0 0.3 13616491
85.0 0.4 13467065
85.0 0.5 13240896
85.0 0.6 12956044
85.0 0.7 12505606
85.0 0.8 12355780
85.0 0.9 11989190
85.0 1.0 11691379
87.5 0.1 13430777
87.5 0.2 13594050
87.5 0.3 13477974
87.5 0.4 13345825
87.5 0.5 13217839
90.0 0.0 15831796
90.0 0.1 15525632
90.0 0.2 15093458
90.0 0.3 14661071
90.0 0.4 14130389
90.0 0.5 13431107
90.0 0.6 13031654
90.0 0.7 12386069
90.0 0.8 11665858
90.0 0.9 11085568
90.0 1.0 7193454
92.5 0.1 15707965
92.5 0.2 15224837
92.5 0.3 14862984
92.5 0.4 14380312
92.5 0.5 13918493
95.0 0.1 15697819
95.0 0.2 15495682
95.0 0.3 15125900
95.0 0.4 14788711
95.0 0.5 14058994
95.0 0.6 13702770
95.0 0.7 13207559
95.0 0.8 12564592
95.0 0.9 12055016
95.0 1.0 11568888
97.5 0.1 15812991
97.5 0.2 15723803
97.5 0.3 15315566
97.5 0.4 14898563
97.5 0.5 14395375
