100.0 0.1 1181156
100.0 0.2 2261946
100.0 0.3 3297329
100.0 0.4 4057962
100.0 0.5 4823149
100.0 0.6 5418690
100.0 0.7 5793697
100.0 0.8 6186914
100.0 0.9 6374102
100.0 1.0 6514961
102.5 0.1 1164598
102.5 0.2 2254463
102.5 0.3 3195699
102.5 0.4 4039902
102.5 0.5 4692305
102.5 0.6 5310879
102.5 0.7 5773008
102.5 0.8 6121757
102.5 0.9 6337424
102.5 1.0 6512308
105.0 0.1 1145051
105.0 0.2 2135861
105.0 0.3 3130017
105.0 0.4 4022395
105.0 0.5 4665399
105.0 0.6 5234853
105.0 0.7 5740030
105.0 0.8 6093780
105.0 0.9 6252392
105.0 1.0 6546794
107.5 0.1 1102235
107.5 0.2 2140979
107.5 0.3 3054327
107.5 0.4 3960394
107.5 0.5 4590284
107.5 0.6 5131633
107.5 0.7 5710432
107.5 0.8 6066771
107.5 0.9 6300574
107.5 1.0 6500177
10.0 0.1 1427790
10.0 0.2 1475838
10.0 0.3 1381858
10.0 0.4 1290716
10.0 0.5 1201025
10.0 0.6 1117762
10.0 0.7 1037513
10.0 0.8 963229
10.0 0.9 894562
10.0 1.0 828991
110.0 0.1 1030348
110.0 0.2 2102288
110.0 0.3 3009523
110.0 0.4 3799746
110.0 0.5 4505328
110.0 0.6 5040517
110.0 0.7 5579749
110.0 0.8 5972243
110.0 0.9 6295155
110.0 1.0 6431118
112.5 0.1 1058059
112.5 0.2 2042975
112.5 0.3 2958639
112.5 0.4 3832996
112.5 0.5 4493545
112.5 0.6 5021490
112.5 0.7 5447103
112.5 0.8 5923686
112.5 0.9 6275650
112.5 1.0 6379503
115.0 0.1 996644
115.0 0.2 1989253
115.0 0.3 2916471
115.0 0.4 3668534
115.0 0.5 4384537
115.0 0.6 5047524
115.0 0.7 5494937
115.0 0.8 5744420
115.0 0.9 6224238
115.0 1.0 6358740
117.5 0.1 1017950
117.5 0.2 2042484
117.5 0.3 2804581
117.5 0.4 3588870
117.5 0.5 4205967
117.5 0.6 4826565
117.5 0.7 5349284
117.5 0.8 5755745
117.5 0.9 6092554
117.5 1.0 6306752
12.5 0.1 1734514
12.5 0.2 1885547
12.5 0.3 1773308
12.5 0.4 1655104
12.5 0.5 1541187
12.5 0.6 1435557
12.5 0.7 1332179
12.5 0.8 1235952
12.5 0.9 1144932
12.5 1.0 1062120
120.0 0.1 965033
120.0 0.2 1881562
120.0 0.3 2755072
120.0 0.4 3546857
120.0 0.5 4213255
120.0 0.6 4792380
120.0 0.7 5286881
120.0 0.8 5707962
120.0 0.9 5949891
120.0 1.0 6245739
122.5 0.1 925353
122.5 0.2 1855562
122.5 0.3 2702910
122.5 0.4 3487190
122.5 0.5 4065249
122.5 0.6 4769396
122.5 0.7 5240161
122.5 0.8 5658181
122.5 0.9 5848971
122.5 1.0 6101615
125.0 0.1 951990
125.0 0.2 1843769
125.0 0.3 2728692
125.0 0.4 3446721
125.0 0.5 4057684
125.0 0.6 4627655
125.0 0.7 5075361
125.0 0.8 5473466
125.0 0.9 5826366
125.0 1.0 6128814
127.5 0.1 884286
127.5 0.2 1800747
127.5 0.3 2578628
127.5 0.4 3393666
127.5 0.5 3928961
127.5 0.6 4554811
127.5 0.7 5019496
127.5 0.8 5448584
127.5 0.9 5797783
127.5 1.0 6173132
130.0 0.1 845454
130.0 0.2 1754884
130.0 0.3 2511369
130.0 0.4 3280230
130.0 0.5 3885698
130.0 0.6 4425536
130.0 0.7 4926608
130.0 0.8 5400223
130.0 0.9 5670432
130.0 1.0 6034896
15.0 0.1 2338339
15.0 0.2 2215040
15.0 0.3 2074426
15.0 0.4 1931644
15.0 0.5 1799934
15.0 0.6 1674384
15.0 0.7 1554212
15.0 0.8 1442377
15.0 0.9 1336202
15.0 1.0 1237244
17.5 0.1 2718724
17.5 0.2 2601232
17.5 0.3 2438047
17.5 0.4 2271675
17.5 0.5 2117271
17.5 0.6 1969060
17.5 0.7 1825680
17.5 0.8 1693414
17.5 0.9 1571243
17.5 1.0 1457468
20.0 0.1 2989065
20.0 0.2 3013664
20.0 0.3 2827516
20.0 0.4 2641273
20.0 0.5 2457996
20.0 0.6 2284981
20.0 0.7 2120723
20.0 0.8 1963158
20.0 0.9 1820926
20.0 1.0 1688414
22.5 0.1 3136980
22.5 0.2 3382459
22.5 0.3 3224364
22.5 0.4 3014954
22.5 0.5 2810316
22.5 0.6 2613044
22.5 0.7 2428458
22.5 0.8 2248424
22.5 0.9 2082847
22.5 1.0 1930816
25.0 0.1 3146226
25.0 0.2 3655997
25.0 0.3 3591720
25.0 0.4 3389387
25.0 0.5 3166226
25.0 0.6 2949091
25.0 0.7 2738818
25.0 0.8 2538574
25.0 0.9 2353675
25.0 1.0 2184393
27.5 0.1 3060485
27.5 0.2 3841276
27.5 0.3 3916477
27.5 0.4 3759034
27.5 0.5 3530452
27.5 0.6 3296223
27.5 0.7 3067439
27.5 0.8 2847348
27.5 0.9 2636694
27.5 1.0 2446019
30.0 0.1 2958414
30.0 0.2 3925746
30.0 0.3 4165233
30.0 0.4 4084041
30.0 0.5 3884442
30.0 0.6 3644683
30.0 0.7 3406602
30.0 0.8 3164833
30.0 0.9 2938583
30.0 1.0 2720133
32.5 0.1 2799478
32.5 0.2 3933197
32.5 0.3 4328892
32.5 0.4 4344964
32.5 0.5 4211606
32.5 0.6 3998210
32.5 0.7 3740160
32.5 0.8 3495300
32.5 0.9 3253360
32.5 1.0 3021459
35.0 0.1 2588822
35.0 0.2 3855940
35.0 0.3 4395088
35.0 0.4 4540628
35.0 0.5 4482102
35.0 0.6 4299842
35.0 0.7 4071539
35.0 0.8 3832851
35.0 0.9 3564837
35.0 1.0 3327404
37.5 0.1 3232812
37.5 0.2 4566324
37.5 0.3 5025737
37.5 0.4 5020544
37.5 0.5 4867771
37.5 0.6 4606538
37.5 0.7 4317157
37.5 0.8 4033507
37.5 0.9 3742208
37.5 1.0 3471005
40.0 0.1 3071997
40.0 0.2 4464744
40.0 0.3 5064648
40.0 0.4 5240950
40.0 0.5 5126526
40.0 0.6 4920696
40.0 0.7 4660386
40.0 0.8 4351162
40.0 0.9 4061489
40.0 1.0 3778444
42.5 0.1 2900338
42.5 0.2 4396255
42.5 0.3 5131778
42.5 0.4 5373795
42.5 0.5 5347237
42.5 0.6 5201043
42.5 0.7 4961161
42.5 0.8 4674504
42.5 0.9 4389895
42.5 1.0 4091807
45.0 0.1 2684134
45.0 0.2 4251123
45.0 0.3 5066029
45.0 0.4 5471104
45.0 0.5 5530409
45.0 0.6 5437943
45.0 0.7 5234721
45.0 0.8 4963763
45.0 0.9 4692094
45.0 1.0 4395711
47.5 0.1 2553464
47.5 0.2 4098554
47.5 0.3 5025236
47.5 0.4 5434064
47.5 0.5 5596418
47.5 0.6 5610355
47.5 0.7 5446256
47.5 0.8 5242254
47.5 0.9 4976701
47.5 1.0 4701660
50.0 0.1 2409868
50.0 0.2 3929616
50.0 0.3 4907782
50.0 0.4 5456634
50.0 0.5 5675525
50.0 0.6 5755232
50.0 0.7 5643684
50.0 0.8 5462523
50.0 0.9 5248820
50.0 1.0 4976758
52.5 0.1 2238062
52.5 0.2 3755015
52.5 0.3 4720769
52.5 0.4 5332216
52.5 0.5 5669108
52.5 0.6 5785024
52.5 0.7 5767550
52.5 0.8 5677838
52.5 0.9 5462007
52.5 1.0 5223442
55.0 0.1 2090418
55.0 0.2 3618290
55.0 0.3 4582772
55.0 0.4 5220610
55.0 0.5 5656881
55.0 0.6 5824633
55.0 0.7 5837397
55.0 0.8 5786442
55.0 0.9 5627113
55.0 1.0 5427612
57.5 0.1 2000385
57.5 0.2 3445271
57.5 0.3 4406049
57.5 0.4 5139444
57.5 0.5 5570017
57.5 0.6 5814223
57.5 0.7 5913608
57.5 0.8 5849708
57.5 0.9 5778316
57.5 1.0 5634500
60.0 0.1 1869327
60.0 0.2 3246142
60.0 0.3 4269697
60.0 0.4 5016533
60.0 0.5 5453235
60.0 0.6 5773126
60.0 0.7 5892423
60.0 0.8 5911270
60.0 0.9 5874533
60.0 1.0 5769114
62.5 0.1 1755035
62.5 0.2 3060488
62.5 0.3 4159688
62.5 0.4 4843086
62.5 0.5 5315589
62.5 0.6 5686490
62.5 0.7 5856872
62.5 0.8 5935315
62.5 0.9 5904878
62.5 1.0 5835492
65.0 0.1 1648255
65.0 0.2 2944999
65.0 0.3 3940187
65.0 0.4 4695715
65.0 0.5 5204207
65.0 0.6 5554705
65.0 0.7 5810967
65.0 0.8 5888833
65.0 0.9 5953619
65.0 1.0 5908407
67.5 0.1 1545179
67.5 0.2 2739690
67.5 0.3 3772675
67.5 0.4 4507232
67.5 0.5 5105213
67.5 0.6 5478576
67.5 0.7 5687945
67.5 0.8 5856586
67.5 0.9 5949945
67.5 1.0 5919443
70.0 0.1 1443669
70.0 0.2 2682966
70.0 0.3 3560747
70.0 0.4 4371038
70.0 0.5 4842645
70.0 0.6 5316379
70.0 0.7 5614208
70.0 0.8 5796913
70.0 0.9 5888441
70.0 1.0 5915816
72.5 0.1 1400843
72.5 0.2 2545604
72.5 0.3 3419284
72.5 0.4 4165787
72.5 0.5 4692315
72.5 0.6 5209441
72.5 0.7 5474960
72.5 0.8 5696017
72.5 0.9 5811010
72.5 1.0 5844496
75.0 0.1 1292873
75.0 0.2 2428772
75.0 0.3 3219460
75.0 0.4 4051833
75.0 0.5 4634077
75.0 0.6 5046148
75.0 0.7 5381133
75.0 0.8 5571396
75.0 0.9 5746028
75.0 1.0 5794816
77.5 0.1 1249730
77.5 0.2 2291983
77.5 0.3 3167947
77.5 0.4 3852271
77.5 0.5 4520236
77.5 0.6 4938738
77.5 0.7 5219785
77.5 0.8 5449777
77.5 0.9 5699635
77.5 1.0 5760028
80.0 0.1 1191587
80.0 0.2 2247317
80.0 0.3 3023269
80.0 0.4 3654290
80.0 0.5 4302200
80.0 0.6 4749925
80.0 0.7 5112597
80.0 0.8 5342663
80.0 0.9 5535660
80.0 1.0 5683730
82.5 0.1 1097636
82.5 0.2 2095802
82.5 0.3 2856674
82.5 0.4 3650763
82.5 0.5 4153464
82.5 0.6 4639992
82.5 0.7 4977679
82.5 0.8 5226070
82.5 0.9 5434468
82.5 1.0 5592288
85.0 0.1 1035118
85.0 0.2 1985203
85.0 0.3 2793210
85.0 0.4 3468280
85.0 0.5 3956942
85.0 0.6 4482836
85.0 0.7 4816666
85.0 0.8 5147447
85.0 0.9 5322319
85.0 1.0 5418266
87.5 0.1 1016139
87.5 0.2 1884285
87.5 0.3 2617326
87.5 0.4 3303164
87.5 0.5 3878724
87.5 0.6 4290908
87.5 0.7 4668708
87.5 0.8 4912105
87.5 0.9 5183191
87.5 1.0 5386325
90.0 0.1 1276455
90.0 0.2 2503190
90.0 0.3 3573543
90.0 0.4 4407930
90.0 0.5 4954754
90.0 0.6 5493547
90.0 0.7 5930576
90.0 0.8 6187949
90.0 0.9 6337644
90.0 1.0 6343899
92.5 0.1 1300979
92.5 0.2 2494825
92.5 0.3 3456475
92.5 0.4 4336085
92.5 0.5 5037604
92.5 0.6 5499618
92.5 0.7 5916748
92.5 0.8 6163870
92.5 0.9 6364553
92.5 1.0 6442306
95.0 0.1 1232689
95.0 0.2 2391483
95.0 0.3 3393545
95.0 0.4 4269634
95.0 0.5 4931055
95.0 0.6 5576805
95.0 0.7 5872368
95.0 0.8 6236624
95.0 0.9 6342871
95.0 1.0 6575322
97.5 0.1 1200988
97.5 0.2 2305037
97.5 0.3 3296660
97.5 0.4 4229628
97.5 0.5 4902646
97.5 0.6 5389121
97.5 0.7 5829343
97.5 0.8 6174411
97.5 0.9 6397009
97.5 1.0 6503510